WER: 0.003194888178913738
CER: 0.0016233766233766235