WER: 0.009523809523809525
CER: 0.0024509803921568627