WER: 0.012345679012345678
CER: 0.0026041666666666665