WER: 0.02531645569620253
CER: 0.005235602094240838